!XSPEC12> steppar 4 0.7 0.998 10 5 10.0 50.0 10
     Chi-Squared    Delta                a             i
                 Chi-Squared             4             5
          6011.9      5150.4    0         0.7    0          10
          5586.7      4725.2    1      0.7298    0          10
          5295.8      4434.3    2      0.7596    0          10
          4957.8      4096.3    3      0.7894    0          10
          4620.5        3759    4      0.8192    0          10
          4238.6      3377.1    5       0.849    0          10
          3867.6      3006.1    6      0.8788    0          10
          3438.8      2577.3    7      0.9086    0          10
          2959.8      2098.3    8      0.9384    0          10
          2450.9      1589.4    9      0.9682    0          10
          1792.3      930.79   10       0.998    0          10
            1307      445.54   10       0.998    1          14
          1740.7      879.19    9      0.9682    1          14
          2416.5        1555    8      0.9384    1          14
          2852.2      1990.7    7      0.9086    1          14
          3249.9      2388.4    6      0.8788    1          14
            3603      2741.5    5       0.849    1          14
          3970.9      3109.4    4      0.8192    1          14
          4299.1      3437.6    3      0.7894    1          14
          4635.2      3773.7    2      0.7596    1          14
          4927.3      4065.8    1      0.7298    1          14
          5353.8      4492.3    0         0.7    1          14
          4564.4        3703    0         0.7    2          18
          4146.5        3285    1      0.7298    2          18
            3858      2996.5    2      0.7596    2          18
          3533.6      2672.1    3      0.7894    2          18
          3222.1      2360.7    4      0.8192    2          18
          2879.8      2018.3    5       0.849    2          18
          2560.6      1699.1    6      0.8788    2          18
          2211.6      1350.1    7      0.9086    2          18
          1850.2      988.71    8      0.9384    2          18
          1513.8      652.29    9      0.9682    2          18
          1265.8      404.32   10       0.998    2          18
          1024.7      163.22   10       0.998    3          22
          1189.8       328.3    9      0.9682    3          22
          1263.9      402.43    8      0.9384    3          22
          1420.9      559.45    7      0.9086    3          22
          1627.7      766.19    6      0.8788    3          22
          1845.5      983.97    5       0.849    3          22
          2104.9      1243.4    4      0.8192    3          22
          2355.8      1494.3    3      0.7894    3          22
          2628.2      1766.7    2      0.7596    3          22
          2873.6      2012.2    1      0.7298    3          22
          3241.3      2379.8    0         0.7    3          22
            2434      1572.5    0         0.7    4          26
          2116.4        1255    1      0.7298    4          26
          1913.3      1051.9    2      0.7596    4          26
          1697.3      835.77    3      0.7894    4          26
          1512.5      651.01    4      0.8192    4          26
            1555       693.5    5       0.849    4          26
          1215.7       354.2    6      0.8788    4          26
          1131.1      269.59    7      0.9086    4          26
          1149.1      287.59    8      0.9384    4          26
          1576.2       714.7    9      0.9682    4          26
          1822.5      961.05   10       0.998    4          26
          2958.6      2097.1   10       0.998    5          30
          1499.9      638.41    9      0.9682    5          30
          1540.6      679.07    8      0.9384    5          30
          2018.8      1157.3    7      0.9086    5          30
          2651.3      1789.8    6      0.8788    5          30
          3181.1      2319.6    5       0.849    5          30
          1250.3      388.79    4      0.8192    5          30
          1399.7      538.18    3      0.7894    5          30
          1577.2      715.68    2      0.7596    5          30
          1758.2      896.75    1      0.7298    5          30
          2048.4        1187    0         0.7    5          30
          1448.1      586.61    0         0.7    6          34
          1234.7      373.25    1      0.7298    6          34
          1115.8       254.3    2      0.7596    6          34
            1007      145.53    3      0.7894    6          34
          938.47      76.984    4      0.8192    6          34
          898.23       36.74    5       0.849    6          34
             925      63.518    6      0.8788    6          34
          1052.2      190.67    7      0.9086    6          34
          1348.1      486.57    8      0.9384    6          34
          2247.2      1385.8    9      0.9682    6          34
          5107.1      4245.6   10       0.998    6          34
           10092      9230.5   10       0.998    7          38
          3753.3      2891.8    9      0.9682    7          38
          2377.7      1516.2    8      0.9384    7          38
          1600.1      738.65    7      0.9086    7          38
          1397.2      535.74    6      0.8788    7          38
          1457.6      596.15    5       0.849    7          38
          1770.2      908.76    4      0.8192    7          38
            2167      1305.5    3      0.7894    7          38
          881.95      20.467    2      0.7596    7          38
          926.01      64.524    1      0.7298    7          38
          1050.4      188.95    0         0.7    7          38
          852.84     -8.6458    0         0.7    8          42
          846.51     -14.981    1      0.7298    8          42
          918.77      57.286    2      0.7596    8          42
          1053.2      191.67    3      0.7894    8          42
          1107.6      246.12    4      0.8192    8          42
          1333.9      472.37    5       0.849    8          42
          1765.2      903.72    6      0.8788    8          42
          2600.1      1738.6    7      0.9086    8          42
          3833.4      2971.9    8      0.9384    8          42
          6853.1      5991.6    9      0.9682    8          42
           21435       20573   10       0.998    8          42
           43052       42190   10       0.998    9          46
           13719       12857    9      0.9682    9          46
          7090.7      6229.2    8      0.9384    9          46
          4393.6      3532.2    7      0.9086    9          46
          3089.1      2227.6    6      0.8788    9          46
          2335.7      1474.2    5       0.849    9          46
          1722.8      861.31    4      0.8192    9          46
            1441      579.49    3      0.7894    9          46
          1399.1      537.58    2      0.7596    9          46
          1461.2      599.73    1      0.7298    9          46
          837.56     -23.929    0         0.7    9          46
          1152.2      290.71    0         0.7   10          50
          1439.8      578.31    1      0.7298   10          50
          1857.5      996.01    2      0.7596   10          50
          2561.7      1700.2    3      0.7894   10          50
          3596.6      2735.2    4      0.8192   10          50
          3601.1      2739.6    5       0.849   10          50
          5075.3      4213.8    6      0.8788   10          50
          7803.3      6941.8    7      0.9086   10          50
           13530       12669    8      0.9384   10          50
           24518       23656    9      0.9682   10          50
           61751       60890   10       0.998   10          50