!XSPEC12> steppar 4 0.8 0.998 20 5 10.0 40.0 20
     Chi-Squared    Delta                a             i
                 Chi-Squared             4             5
***XSPEC Error: A fit statistic = NaN was encountered, possibly from model calculation error.  Fit unable to continue
          4873.3        4009    0         0.8    0          10
          4209.5      3345.2    1      0.8099    0          10
            4118      3253.7    2      0.8198    0          10
          4040.7      3176.4    3      0.8297    0          10
            3885      3020.7    4      0.8396    0          10
          3747.3        2883    5      0.8495    0          10
          3630.9      2766.6    6      0.8594    0          10
          3533.4      2669.1    7      0.8693    0          10
          3390.2      2525.9    8      0.8792    0          10
          3246.2      2381.9    9      0.8891    0          10
          3129.5      2265.2   10       0.899    0          10
          2993.3        2129   11      0.9089    0          10
          2844.2      1979.9   12      0.9188    0          10
          2723.8      1859.5   13      0.9287    0          10
            2562      1697.6   14      0.9386    0          10
          2424.1      1559.8   15      0.9485    0          10
          2280.1      1415.8   16      0.9584    0          10
          2130.5      1266.1   17      0.9683    0          10
            1982      1117.7   18      0.9782    0          10
          1831.9      967.54   19      0.9881    0          10
          1670.1      805.75   20       0.998    0          10
          1583.2      718.85   20       0.998    1        11.5
            1706       841.7   19      0.9881    1        11.5
          1837.7      973.37   18      0.9782    1        11.5
          1972.9      1108.6   17      0.9683    1        11.5
          2110.9      1246.6   16      0.9584    1        11.5
          2245.6      1381.2   15      0.9485    1        11.5
          2375.8      1511.5   14      0.9386    1        11.5
          2530.5      1666.2   13      0.9287    1        11.5
          2645.9      1781.6   12      0.9188    1        11.5
          2789.8      1925.4   11      0.9089    1        11.5
          2921.8      2057.5   10       0.899    1        11.5
          3035.5      2171.2    9      0.8891    1        11.5
          3176.3        2312    8      0.8792    1        11.5
          3316.3      2451.9    7      0.8693    1        11.5
          3411.5      2547.1    6      0.8594    1        11.5
          3525.5      2661.2    5      0.8495    1        11.5
            3661      2796.7    4      0.8396    1        11.5
          3814.5      2950.1    3      0.8297    1        11.5
          3891.2      3026.9    2      0.8198    1        11.5
          3981.7      3117.3    1      0.8099    1        11.5
          4087.6      3223.3    0         0.8    1        11.5
            3854      2989.7    0         0.8    2          13
            3749      2884.7    1      0.8099    2          13
            3660      2795.7    2      0.8198    2          13
          4105.7      3241.4    3      0.8297    2          13
            3946      3081.7    4      0.8396    2          13
            3302      2437.7    5      0.8495    2          13
          3191.2      2326.9    6      0.8594    2          13
            3099      2234.7    7      0.8693    2          13
          2963.4      2099.1    8      0.8792    2          13
            2827      1962.7    9      0.8891    2          13
          2717.5      1853.2   10       0.899    2          13
          2590.8      1726.5   11      0.9089    2          13
          2453.6      1589.2   12      0.9188    2          13
          2344.2      1479.9   13      0.9287    2          13
          2198.5      1334.2   14      0.9386    2          13
          2077.2      1212.9   15      0.9485    2          13
          1953.6      1089.3   16      0.9584    2          13
          1828.2      963.86   17      0.9683    2          13
          1708.4      844.08   18      0.9782    2          13
          1598.7      734.37   19      0.9881    2          13
          1517.5      653.13   20       0.998    2          13
          1444.1      579.79   20       0.998    3        14.5
          1506.2      641.89   19      0.9881    3        14.5
          1590.4      726.04   18      0.9782    3        14.5
            1692      827.72   17      0.9683    3        14.5
          1803.2       938.9   16      0.9584    3        14.5
          1914.6      1050.3   15      0.9485    3        14.5
          2025.2      1160.9   14      0.9386    3        14.5
          2160.3        1296   13      0.9287    3        14.5
          2262.4        1398   12      0.9188    3        14.5
          2391.6      1527.3   11      0.9089    3        14.5
          2511.7      1647.3   10       0.899    3        14.5
            2616      1751.7    9      0.8891    3        14.5
          2746.6      1882.3    8      0.8792    3        14.5
          2876.6      2012.3    7      0.8693    3        14.5
          2965.1      2100.8    6      0.8594    3        14.5
            3072      2207.7    5      0.8495    3        14.5
          3200.2      2335.8    4      0.8396    3        14.5
          3346.1      2481.7    3      0.8297    3        14.5
          3419.7      2555.3    2      0.8198    3        14.5
          3506.6      2642.3    1      0.8099    3        14.5
          3608.6      2744.3    0         0.8    3        14.5
          3339.2      2474.9    0         0.8    4          16
          3238.5      2374.2    1      0.8099    4          16
          3153.7      2289.4    2      0.8198    4          16
          3082.1      2217.8    3      0.8297    4          16
          2941.2      2076.8    4      0.8396    4          16
          3282.1      2417.8    5      0.8495    4          16
          2715.2      1850.9    6      0.8594    4          16
          2630.6      1766.3    7      0.8693    4          16
          2506.8      1642.4    8      0.8792    4          16
          2383.1      1518.8    9      0.8891    4          16
            2285      1420.7   10       0.899    4          16
            2173      1308.7   11      0.9089    4          16
          2053.2      1188.9   12      0.9188    4          16
          1960.1      1095.7   13      0.9287    4          16
          1838.3      973.93   14      0.9386    4          16
          1740.2      875.84   15      0.9485    4          16
          1643.1      778.76   16      0.9584    4          16
            1550      685.65   17      0.9683    4          16
          1471.9      607.56   18      0.9782    4          16
          1420.9      556.54   19      0.9881    4          16
          1456.5       592.2   20       0.998    4          16
          1448.5      584.16   20       0.998    5        17.5
          1352.7      488.33   19      0.9881    5        17.5
          1379.4       515.1   18      0.9782    5        17.5
          1428.9      564.53   17      0.9683    5        17.5
          1499.7      635.41   16      0.9584    5        17.5
          1579.6      715.23   15      0.9485    5        17.5
          1663.7      799.34   14      0.9386    5        17.5
          1770.9      906.61   13      0.9287    5        17.5
          1853.2      988.92   12      0.9188    5        17.5
          1961.5      1097.2   11      0.9089    5        17.5
          2064.2      1199.9   10       0.899    5        17.5
          2154.8      1290.5    9      0.8891    5        17.5
          2270.1      1405.8    8      0.8792    5        17.5
          2386.6      1522.3    7      0.8693    5        17.5
          2466.4      1602.1    6      0.8594    5        17.5
          2563.7      1699.4    5      0.8495    5        17.5
          2681.4      1817.1    4      0.8396    5        17.5
          2816.8      1952.5    3      0.8297    5        17.5
          2885.8      2021.5    2      0.8198    5        17.5
          2967.7      2103.4    1      0.8099    5        17.5
          3064.2      2199.9    0         0.8    5        17.5
          2796.4      1932.1    0         0.8    6          19
          2702.8      1838.5    1      0.8099    6          19
          2624.6      1760.2    2      0.8198    6          19
          2558.8      1694.5    3      0.8297    6          19
          2430.7      1566.4    4      0.8396    6          19
          2319.8      1455.5    5      0.8495    6          19
          2228.9      1364.6    6      0.8594    6          19
          2545.6      1681.2    7      0.8693    6          19
          2047.3        1183    8      0.8792    6          19
          1941.8      1077.5    9      0.8891    6          19
          1860.2      995.85   10       0.899    6          19
          1768.6      904.26   11      0.9089    6          19
          1673.9      809.55   12      0.9188    6          19
          1602.9      738.53   13      0.9287    6          19
          1511.6      647.31   14      0.9386    6          19
          1444.7      580.42   15      0.9485    6          19
          1384.5      520.15   16      0.9584    6          19
          1339.2      474.83   17      0.9683    6          19
          1320.6       456.3   18      0.9782    6          19
          1333.7      469.38   19      0.9881    6          19
          1302.7      438.37   20       0.998    6          19
          1031.6      167.26   20       0.998    7        20.5
          1162.7      298.38   19      0.9881    7        20.5
            1235      370.65   18      0.9782    7        20.5
          1265.4       401.1   17      0.9683    7        20.5
          1290.2      425.89   16      0.9584    7        20.5
          1326.6      462.24   15      0.9485    7        20.5
          1374.1      509.73   14      0.9386    7        20.5
          1445.8      581.45   13      0.9287    7        20.5
          1503.5      639.15   12      0.9188    7        20.5
            1584      719.64   11      0.9089    7        20.5
          1662.4       798.1   10       0.899    7        20.5
          1732.9      868.61    9      0.8891    7        20.5
          1826.5      962.16    8      0.8792    7        20.5
          1923.3        1059    7      0.8693    7        20.5
          1990.4      1126.1    6      0.8594    7        20.5
          2073.6      1209.3    5      0.8495    7        20.5
            2176      1311.7    4      0.8396    7        20.5
          2295.3        1431    3      0.8297    7        20.5
            2357      1492.7    2      0.8198    7        20.5
          2430.6      1566.3    1      0.8099    7        20.5
          2518.1      1653.7    0         0.8    7        20.5
          2242.5      1378.1    0         0.8    8          22
          2159.2      1294.9    1      0.8099    8          22
          2090.9      1226.6    2      0.8198    8          22
          2034.1      1169.8    3      0.8297    8          22
          1924.7      1060.3    4      0.8396    8          22
          1831.9      967.59    5      0.8495    8          22
          1757.7      893.34    6      0.8594    8          22
          1698.9      834.53    7      0.8693    8          22
            1615      750.63    8      0.8792    8          22
          1535.4      671.11    9      0.8891    8          22
          1476.4      612.05   10       0.899    8          22
          1411.9      547.63   11      0.9089    8          22
          1348.5      484.19   12      0.9188    8          22
          1307.1      442.78   13      0.9287    8          22
          1259.4      395.05   14      0.9386    8          22
          1236.2      371.88   15      0.9485    8          22
          1226.5      362.22   16      0.9584    8          22
          1236.2      371.87   17      0.9683    8          22
          1278.7      414.39   18      0.9782    8          22
          1243.6      379.27   19      0.9881    8          22
          1337.1      472.74   20       0.998    8          22
          1435.2      570.92   20       0.998    9        23.5
          1191.2      326.86   19      0.9881    9        23.5
          1131.7      267.35   18      0.9782    9        23.5
          1125.6      261.26   17      0.9683    9        23.5
          1147.9      283.61   16      0.9584    9        23.5
            1185      320.64   15      0.9485    9        23.5
          1193.1      328.73   14      0.9386    9        23.5
          1214.3      349.95   13      0.9287    9        23.5
          1237.8      373.43   12      0.9188    9        23.5
          1281.7      417.37   11      0.9089    9        23.5
          1330.3      465.98   10       0.899    9        23.5
          1376.6      512.27    9      0.8891    9        23.5
          1442.4      578.06    8      0.8792    9        23.5
          1513.3      649.01    7      0.8693    9        23.5
          1562.6      698.32    6      0.8594    9        23.5
          1626.2      761.91    5      0.8495    9        23.5
          1708.1      843.81    4      0.8396    9        23.5
          1806.4       942.1    3      0.8297    9        23.5
          1857.6      993.27    2      0.8198    9        23.5
          1919.6      1055.3    1      0.8099    9        23.5
          1994.3        1130    0         0.8    9        23.5
          1769.2      904.86    0         0.8   10          25
          1700.7       836.4    1      0.8099   10          25
          1646.1      781.77    2      0.8198   10          25
          1601.6      737.28    3      0.8297   10          25
          1516.9      652.61    4      0.8396   10          25
          1448.4      584.09    5      0.8495   10          25
          1395.8      531.44    6      0.8594   10          25
          1356.1       491.8    7      0.8693   10          25
          1299.6      435.28    8      0.8792   10          25
          1249.9      385.58    9      0.8891   10          25
          1218.4      354.07   10       0.899   10          25
          1188.1      323.79   11      0.9089   10          25
          1161.6      297.31   12      0.9188   10          25
          1154.8      290.46   13      0.9287   10          25
          1150.4      286.04   14      0.9386   10          25
          1165.6      301.31   15      0.9485   10          25
          1199.5      335.14   16      0.9584   10          25
          1231.3         367   17      0.9683   10          25
          1093.4      229.06   18      0.9782   10          25
          1081.2      216.89   19      0.9881   10          25
          1115.2       250.9   20       0.998   10          25
          1241.2      376.86   20       0.998   11        26.5
          1107.4      243.04   19      0.9881   11        26.5
            1102      237.63   18      0.9782   11        26.5
            1082      217.64   17      0.9683   11        26.5
          1055.6      191.23   16      0.9584   11        26.5
          1046.3      182.03   15      0.9485   11        26.5
          1051.1      186.73   14      0.9386   11        26.5
          1077.4      213.06   13      0.9287   11        26.5
          1097.6      233.31   12      0.9188   11        26.5
          1104.5      240.18   11      0.9089   11        26.5
          1117.3      253.01   10       0.899   11        26.5
          1133.6       269.3    9      0.8891   11        26.5
          1166.1      301.75    8      0.8792   11        26.5
          1206.1      341.74    7      0.8693   11        26.5
            1234      369.67    6      0.8594   11        26.5
          1273.6      409.31    5      0.8495   11        26.5
          1327.8      463.51    4      0.8396   11        26.5
          1396.5      532.17    3      0.8297   11        26.5
          1432.1      567.77    2      0.8198   11        26.5
          1476.5      612.21    1      0.8099   11        26.5
          1532.7      668.36    0         0.8   11        26.5
          1341.2      476.87    0         0.8   12          28
          1296.8      432.44    1      0.8099   12          28
          1262.1      397.74    2      0.8198   12          28
          1234.5      370.22    3      0.8297   12          28
          1180.6      316.26    4      0.8396   12          28
          1139.7      275.35    5      0.8495   12          28
          1112.2      247.84    6      0.8594   12          28
          1095.4      231.08    7      0.8693   12          28
          1071.8      207.46    8      0.8792   12          28
          1057.9      193.57    9      0.8891   12          28
          1058.5      194.13   10       0.899   12          28
          1064.3         200   11      0.9089   12          28
          1084.6      220.29   12      0.9188   12          28
          1010.4      146.08   13      0.9287   12          28
          1010.5      146.17   14      0.9386   12          28
            1032      167.66   15      0.9485   12          28
            1072      207.65   16      0.9584   12          28
          1135.3      270.97   17      0.9683   12          28
          1165.3      300.93   18      0.9782   12          28
          1185.1      320.83   19      0.9881   12          28
          1418.1      553.75   20       0.998   12          28
          1637.3      772.97   20       0.998   13        29.5
          1299.4      435.06   19      0.9881   13        29.5
          1265.7      401.35   18      0.9782   13        29.5
          1225.5      361.15   17      0.9683   13        29.5
          1144.3      280.01   16      0.9584   13        29.5
          1068.4      204.06   15      0.9485   13        29.5
          1022.2      157.83   14      0.9386   13        29.5
          994.69      130.36   13      0.9287   13        29.5
          981.53      117.21   12      0.9188   13        29.5
           985.1      120.77   11      0.9089   13        29.5
          998.33      134.01   10       0.899   13        29.5
          1014.5      150.19    9      0.8891   13        29.5
          1026.8       162.5    8      0.8792   13        29.5
          1032.7      168.41    7      0.8693   13        29.5
            1037       172.7    6      0.8594   13        29.5
          1051.3      186.93    5      0.8495   13        29.5
          1078.3      213.95    4      0.8396   13        29.5
          1118.4      254.11    3      0.8297   13        29.5
          1137.9      273.56    2      0.8198   13        29.5
          1164.7      300.41    1      0.8099   13        29.5
          1200.5      336.19    0         0.8   13        29.5
          1072.4      208.13    0         0.8   14          31
          1047.3      182.95    1      0.8099   14          31
          1030.6      166.24    2      0.8198   14          31
          1020.7      156.37    3      0.8297   14          31
          997.76      133.44    4      0.8396   14          31
          987.93      123.61    5      0.8495   14          31
          989.37      125.05    6      0.8594   14          31
          985.92       121.6    7      0.8693   14          31
          965.06      100.74    8      0.8792   14          31
          951.32          87    9      0.8891   14          31
          951.57      87.248   10       0.899   14          31
          959.26      94.942   11      0.9089   14          31
          980.82       116.5   12      0.9188   14          31
          1016.3      151.96   13      0.9287   14          31
          1079.3      214.95   14      0.9386   14          31
          1181.2      316.84   15      0.9485   14          31
          1289.7      425.38   16      0.9584   14          31
          1474.6      610.33   17      0.9683   14          31
          1796.2       931.9   18      0.9782   14          31
          2303.7      1439.3   19      0.9881   14          31
          3332.4      2468.1   20       0.998   14          31
            4069      3204.7   20       0.998   15        32.5
            2901      2036.6   19      0.9881   15        32.5
          2208.8      1344.5   18      0.9782   15        32.5
            1793      928.67   17      0.9683   15        32.5
          1498.8      634.45   16      0.9584   15        32.5
          1305.7       441.4   15      0.9485   15        32.5
            1184      319.69   14      0.9386   15        32.5
          1098.2      233.92   13      0.9287   15        32.5
          1030.4      166.08   12      0.9188   15        32.5
          978.05      113.72   11      0.9089   15        32.5
          949.03      84.712   10       0.899   15        32.5
          929.74      65.421    9      0.8891   15        32.5
          921.91      57.587    8      0.8792   15        32.5
          925.72      61.394    7      0.8693   15        32.5
           929.5       65.18    6      0.8594   15        32.5
          941.75      77.426    5      0.8495   15        32.5
          954.23      89.904    4      0.8396   15        32.5
          959.36      95.034    3      0.8297   15        32.5
          957.94      93.617    2      0.8198   15        32.5
           962.5      98.178    1      0.8099   15        32.5
          974.87      110.54    0         0.8   15        32.5
          921.46      57.138    0         0.8   16          34
          923.24      58.916    1      0.8099   16          34
          924.77      60.448    2      0.8198   16          34
          922.75       58.43    3      0.8297   16          34
          904.38      40.057    4      0.8396   16          34
          896.41      32.085    5      0.8495   16          34
          899.17      34.845    6      0.8594   16          34
          909.83      45.511    7      0.8693   16          34
          925.62      61.296    8      0.8792   16          34
          954.05      89.723    9      0.8891   16          34
          995.31      130.98   10       0.899   16          34
          1050.9      186.55   11      0.9089   16          34
          1115.2      250.87   12      0.9188   16          34
          1201.2      336.84   13      0.9287   16          34
          1349.9       485.6   14      0.9386   16          34
          1543.1      678.74   15      0.9485   16          34
            1809       944.7   16      0.9584   16          34