XSPEC12 steppar 8 0.001 0.2 10 18 0.001 0.2 20
     Chi-Squared    Delta             norm      FracSctr
                 Chi-Squared             8            18
          1323.2      32.279    0       0.001    0       0.001
          1316.8      25.915    1      0.0209    0       0.001
          1314.5      23.611    2      0.0408    0       0.001
          1310.4       19.45    3      0.0607    0       0.001
          1309.8      18.838    4      0.0806    0       0.001
          1309.5      18.597    5      0.1005    0       0.001
          1308.7      17.792    6      0.1204    0       0.001
            1308      17.043    7      0.1403    0       0.001
            1302      11.048    8      0.1602    0       0.001
            1304      13.055    9      0.1801    0       0.001
          1308.4      17.474   10         0.2    0       0.001
          1307.3       16.38   10         0.2    1     0.01095
          1306.9      15.939    9      0.1801    1     0.01095
          1302.6      11.724    8      0.1602    1     0.01095
          1301.3      10.343    7      0.1403    1     0.01095
          1307.2      16.283    6      0.1204    1     0.01095
          1305.6       14.66    5      0.1005    1     0.01095
            1306      15.107    4      0.0806    1     0.01095
          1306.6      15.707    3      0.0607    1     0.01095
          1308.1      17.141    2      0.0408    1     0.01095
            1311      20.113    1      0.0209    1     0.01095
          1315.7      24.748    0       0.001    1     0.01095
          1310.1      19.148    0       0.001    2      0.0209
          1308.6       17.64    1      0.0209    2      0.0209
          1304.5      13.528    2      0.0408    2      0.0209
          1304.9      13.948    3      0.0607    2      0.0209
          1307.6      16.719    4      0.0806    2      0.0209
          1310.3      19.401    5      0.1005    2      0.0209
          1302.5      11.573    6      0.1204    2      0.0209
          1303.9      13.018    7      0.1403    2      0.0209
          1306.6       15.63    8      0.1602    2      0.0209
          1302.9      11.963    9      0.1801    2      0.0209
          1307.9      17.005   10         0.2    2      0.0209
          1306.5      15.613   10         0.2    3     0.03085
          1302.6      11.697    9      0.1801    3     0.03085
          1299.2      8.2851    8      0.1602    3     0.03085
          1302.3      11.397    7      0.1403    3     0.03085
            1300       9.053    6      0.1204    3     0.03085
            1300       9.057    5      0.1005    3     0.03085
          1299.9       8.996    4      0.0806    3     0.03085
          1300.3      9.4095    3      0.0607    3     0.03085
          1301.3      10.348    2      0.0408    3     0.03085
            1303      12.088    1      0.0209    3     0.03085
          1305.7      14.798    0       0.001    3     0.03085
          1302.2      11.309    0       0.001    4      0.0408
          1301.4      10.441    1      0.0209    4      0.0408
          1302.7      11.785    2      0.0408    4      0.0408
          1305.4      14.507    3      0.0607    4      0.0408
          1297.9       6.929    4      0.0806    4      0.0408
          1298.7      7.7907    5      0.1005    4      0.0408
          1300.2      9.3027    6      0.1204    4      0.0408
          1308.5      17.587    7      0.1403    4      0.0408
          1318.3      27.355    8      0.1602    4      0.0408
          1310.1      19.201    9      0.1801    4      0.0408
          1307.9      17.017   10         0.2    4      0.0408
          1306.7        15.8   10         0.2    5     0.05075
          1302.6      11.688    9      0.1801    5     0.05075
          1299.6      8.6332    8      0.1602    5     0.05075
          1296.5      5.5556    7      0.1403    5     0.05075
          1295.5      4.5852    6      0.1204    5     0.05075
          1296.2      5.2885    5      0.1005    5     0.05075
          1302.4      11.521    4      0.0806    5     0.05075
          1296.1       5.172    3      0.0607    5     0.05075
          1296.5      5.6157    2      0.0408    5     0.05075
          1297.6      6.6336    1      0.0209    5     0.05075
          1299.4      8.4438    0       0.001    5     0.05075
          1299.2      8.3018    0       0.001    6      0.0607
          1295.6      4.6309    1      0.0209    6      0.0607
          1294.8      3.8326    2      0.0408    6      0.0607
          1295.3      4.3444    3      0.0607    6      0.0607
          1296.9      5.9877    4      0.0806    6      0.0607
            1299      8.0384    5      0.1005    6      0.0607
          1295.1      4.1446    6      0.1204    6      0.0607
          1296.2      5.2805    7      0.1403    6      0.0607
          1300.7      9.7404    8      0.1602    6      0.0607
          1305.9      14.998    9      0.1801    6      0.0607
          1311.9      20.967   10         0.2    6      0.0607
          1313.5      22.571   10         0.2    7     0.07065
          1302.6       11.64    9      0.1801    7     0.07065
          1299.4      8.4719    8      0.1602    7     0.07065
          1297.3      6.3301    7      0.1403    7     0.07065
          1294.1      3.1448    6      0.1204    7     0.07065
          1294.6      3.6697    5      0.1005    7     0.07065
            1302      11.087    4      0.0806    7     0.07065
          1303.2      12.292    3      0.0607    7     0.07065
          1293.6      2.6741    2      0.0408    7     0.07065
            1294      3.1064    1      0.0209    7     0.07065
          1295.1      4.2223    0       0.001    7     0.07065
          1293.7      2.7619    0       0.001    8      0.0806
          1292.9        1.93    1      0.0209    8      0.0806
            1295      4.0975    2      0.0408    8      0.0806
          1294.5      3.5518    3      0.0607    8      0.0806
          1294.7       3.749    4      0.0806    8      0.0806
          1295.3      4.3293    5      0.1005    8      0.0806
          1293.5      2.6003    6      0.1204    8      0.0806
          1297.5      6.5354    7      0.1403    8      0.0806
          1314.3      23.409    8      0.1602    8      0.0806
          1307.8      16.857    9      0.1801    8      0.0806
          1312.7      21.803   10         0.2    8      0.0806
          1308.6      17.662   10         0.2    9     0.09055
          1303.4      12.504    9      0.1801    9     0.09055
          1300.1       9.169    8      0.1602    9     0.09055
          1308.7      17.819    7      0.1403    9     0.09055
            1294      3.0357    6      0.1204    9     0.09055
          1292.6      1.7041    5      0.1005    9     0.09055
          1294.7      3.7828    4      0.0806    9     0.09055
          1301.5      10.584    3      0.0607    9     0.09055
          1292.4       1.521    2      0.0408    9     0.09055
          1293.8      2.8996    1      0.0209    9     0.09055
          1294.8      3.8448    0       0.001    9     0.09055
          1293.1      2.1486    0       0.001   10      0.1005
          1292.6      1.6914    1      0.0209   10      0.1005
          1293.2        2.29    2      0.0408   10      0.1005
          1292.2      1.2976    3      0.0607   10      0.1005
          1291.3     0.38435    4      0.0806   10      0.1005
          1292.1       1.198    5      0.1005   10      0.1005
          1295.9      4.9674    6      0.1204   10      0.1005
          1300.6      9.6692    7      0.1403   10      0.1005
          1307.2      16.252    8      0.1602   10      0.1005
          1312.8      21.849    9      0.1801   10      0.1005
          1316.6      25.658   10         0.2   10      0.1005
          1309.5      18.607   10         0.2   11     0.11045
          1304.4      13.506    9      0.1801   11     0.11045
          1300.6      9.7081    8      0.1602   11     0.11045
          1297.5      6.5666    7      0.1403   11     0.11045
          1295.3      4.4227    6      0.1204   11     0.11045
          1292.7      1.7813    5      0.1005   11     0.11045
            1292      1.0959    4      0.0806   11     0.11045
            1294      3.0626    3      0.0607   11     0.11045
          1293.3      2.3555    2      0.0408   11     0.11045
          1294.7      3.8178    1      0.0209   11     0.11045
          1292.5      1.5382    0       0.001   11     0.11045
          1292.1      1.2045    0       0.001   12      0.1204
          1292.6      1.6684    1      0.0209   12      0.1204
          1293.3      2.3626    2      0.0408   12      0.1204
          1293.7      2.7359    3      0.0607   12      0.1204
          1291.7     0.82222    4      0.0806   12      0.1204
          1294.9      3.9902    5      0.1005   12      0.1204
          1302.5      11.613    6      0.1204   12      0.1204
          1303.6       12.63    7      0.1403   12      0.1204
          1308.6      17.711    8      0.1602   12      0.1204
          1314.3      23.391    9      0.1801   12      0.1204
          1321.5      30.562   10         0.2   12      0.1204
          1323.6      32.683   10         0.2   13     0.13035
          1305.4      14.437    9      0.1801   13     0.13035
          1301.9      10.933    8      0.1602   13     0.13035
          1298.9      8.0137    7      0.1403   13     0.13035
          1295.8       4.841    6      0.1204   13     0.13035
          1294.1      3.1626    5      0.1005   13     0.13035
          1293.4      2.4959    4      0.0806   13     0.13035
            1291     0.12016    3      0.0607   13     0.13035
          1292.5      1.5363    2      0.0408   13     0.13035
          1293.3       2.401    1      0.0209   13     0.13035
          1292.1      1.1692    0       0.001   13     0.13035
          1292.9      1.9537    0       0.001   14      0.1403
            1293      2.0352    1      0.0209   14      0.1403
          1291.4     0.42975    2      0.0408   14      0.1403
          1292.1      1.1946    3      0.0607   14      0.1403
            1296      5.0285    4      0.0806   14      0.1403
          1301.3      10.326    5      0.1005   14      0.1403
          1304.7      13.789    6      0.1204   14      0.1403
          1307.4      16.495    7      0.1403   14      0.1403
          1302.5      11.604    8      0.1602   14      0.1403
          1306.3      15.341    9      0.1801   14      0.1403
          1310.1      19.163   10         0.2   14      0.1403
          1310.9      19.967   10         0.2   15     0.15025
          1306.7      15.785    9      0.1801   15     0.15025
          1303.2      12.288    8      0.1602   15     0.15025
            1300       9.042    7      0.1403   15     0.15025
          1297.3      6.3353    6      0.1204   15     0.15025
          1294.6      3.7129    5      0.1005   15     0.15025
            1293      2.0888    4      0.0806   15     0.15025
          1292.4      1.5224    3      0.0607   15     0.15025
          1292.4      1.4577    2      0.0408   15     0.15025
            1292      1.1066    1      0.0209   15     0.15025
          1293.8      2.8812    0       0.001   15     0.15025
          1293.1      2.1942    0       0.001   16      0.1602
            1293      2.0941    1      0.0209   16      0.1602
          1295.4        4.52    2      0.0408   16      0.1602
          1298.8      7.9071    3      0.0607   16      0.1602
          1297.3      6.3976    4      0.0806   16      0.1602
          1301.7      10.785    5      0.1005   16      0.1602
          1307.5      16.581    6      0.1204   16      0.1602
          1314.7      23.732    7      0.1403   16      0.1602
          1321.6      30.704    8      0.1602   16      0.1602
          1326.7      35.771    9      0.1801   16      0.1602
          1313.4      22.473   10         0.2   16      0.1602
          1313.2      22.292   10         0.2   17     0.17015
          1308.5      17.564    9      0.1801   17     0.17015
          1304.9      13.937    8      0.1602   17     0.17015
          1301.6      10.637    7      0.1403   17     0.17015
          1309.1      18.196    6      0.1204   17     0.17015
          1301.2      10.284    5      0.1005   17     0.17015
          1296.3      5.3575    4      0.0806   17     0.17015
          1293.4      2.5236    3      0.0607   17     0.17015
          1292.2       1.315    2      0.0408   17     0.17015
          1292.7      1.7587    1      0.0209   17     0.17015
          1293.1      2.1964    0       0.001   17     0.17015
          1292.9      1.9761    0       0.001   18      0.1801
          1293.8      2.8413    1      0.0209   18      0.1801
          1296.7      5.7367    2      0.0408   18      0.1801
          1297.5       6.535    3      0.0607   18      0.1801
            1302      11.062    4      0.0806   18      0.1801
          1308.2       17.28    5      0.1005   18      0.1801
          1314.3      23.423    6      0.1204   18      0.1801
          1321.8      30.861    7      0.1403   18      0.1801
          1305.8       14.83    8      0.1602   18      0.1801
          1309.8      18.866    9      0.1801   18      0.1801
          1313.8      22.887   10         0.2   18      0.1801
          1315.1      24.128   10         0.2   19     0.19005
          1310.4      19.499    9      0.1801   19     0.19005
            1307      16.054    8      0.1602   19     0.19005
          1303.5      12.609    7      0.1403   19     0.19005
          1300.6      9.6789    6      0.1204   19     0.19005
          1297.8      6.9053    5      0.1005   19     0.19005
          1295.7      4.7961    4      0.0806   19     0.19005
          1296.5      5.5584    3      0.0607   19     0.19005
          1294.1       3.219    2      0.0408   19     0.19005
            1293      2.0881    1      0.0209   19     0.19005
          1292.9      1.9364    0       0.001   19     0.19005
          1292.9      1.9589    0       0.001   20         0.2
          1296.3        5.35    1      0.0209   20         0.2
          1299.2      8.2673    2      0.0408   20         0.2
          1303.3      12.376    3      0.0607   20         0.2
            1309      18.032    4      0.0806   20         0.2
          1313.9      22.978    5      0.1005   20         0.2
          1318.6      27.713    6      0.1204   20         0.2
          1323.6      32.663    7      0.1403   20         0.2
          1329.3       38.39    8      0.1602   20         0.2
          1323.4      32.457    9      0.1801   20         0.2
          1323.4      32.433   10         0.2   20         0.2