!XSPEC12> steppar 2 0.5 1.2 10
#     Chi-Squared    Delta               nH
#                 Chi-Squared             2
#          1167.9      251.59    0         0.5
#          1004.8      88.491    1        0.57
#          926.29      10.008    2        0.64
#           924.3      8.0247    3        0.71
#          994.25      77.974    4        0.78
#          1000.8      84.569    5        0.85
#          1192.5      276.18    6        0.92
#          1423.9      507.59    7        0.99
#          1706.1      789.79    8        1.06
#            1825      908.69    9        1.13
#          2097.7      1181.4   10         1.2
!XSPEC12> steppar 4 0.01 0.5 10
#     Chi-Squared    Delta         FracSctr
#                 Chi-Squared             4
#          1815.4      936.22    0        0.01
#          1240.9      361.73    1       0.059
#          995.39      116.26    2       0.108
#          794.77     -84.364    3       0.157
#          1535.2      656.06    4       0.206
#          5329.9      4450.7    5       0.255
#          2252.5      1373.4    6       0.304
#          6333.9      5454.8    7       0.353
#           24226       23347    8       0.402
#           28716       27837    9       0.451
#           35892       35013   10         0.5
!XSPEC12> steppar 6 10.0 400.0 20
#     Chi-Squared    Delta             kT_e
#                 Chi-Squared             6
#          3895.2      3100.4    0          10
#          1049.1      254.38    1        29.5
#          885.52      90.758    2          49
#          848.48      53.715    3        68.5
#          823.64      28.873    4          88
#          817.35      22.581    5       107.5
#          808.64      13.877    6         127
#           807.1      12.332    7       146.5
#          803.85      9.0886    8         166
#          802.31      7.5414    9       185.5
#          800.06      5.2933   10         205
#          799.37      4.6025   11       224.5
#          796.98      2.2142   12         244
#          797.63      2.8608   13       263.5
#          795.86      1.0915   14         283
#          796.49      1.7246   15       302.5
#          794.94      0.1787   16         322
#          795.79      1.0243   17       341.5
#          795.41      0.6397   18         361
#          795.12      0.3552   19       380.5
#          794.74   -0.030281   20         400
!XSPEC12> steppar 8 0.5 0.998 30
#     Chi-Squared    Delta                a
#                 Chi-Squared             8
#          905.89      111.16    0         0.5
#          884.75      90.022    1      0.5166
#          878.12      83.393    2      0.5332
#          873.81       79.08    3      0.5498
#          875.19       80.46    4      0.5664
#          867.93      73.196    5       0.583
#          866.76      72.033    6      0.5996
#          853.81       59.08    7      0.6162
#          844.85      50.125    8      0.6328
#           839.3      44.574    9      0.6494
#          836.24      41.514   10       0.666
#          834.72      39.995   11      0.6826
#          834.82      40.091   12      0.6992
#          827.21      32.484   13      0.7158
#          814.28      19.555   14      0.7324
#          810.26       15.53   15       0.749
#          813.36       18.63   16      0.7656
#          803.99      9.2576   17      0.7822
#          798.61      3.8831   18      0.7988
#          797.77      3.0364   19      0.8154
#          796.72      1.9892   20       0.832
#          804.28      9.5506   21      0.8486
#          793.82     -0.9113   22      0.8652
#          792.64     -2.0877   23      0.8818
#          794.54    -0.18986   24      0.8984
#          908.36      113.63   25       0.915
#           911.7      116.97   26      0.9316
#          914.82      120.09   27      0.9482
#          8078.7        7284   28      0.9648
#          7907.3      7112.6   29      0.9814
#          8093.3      7298.5   30       0.998
!XSPEC12> steppar 9 10.0 80.0 40
#     Chi-Squared    Delta                i
#                 Chi-Squared             9
#          1644.7       852.1    0          10
#            1582      789.41    1       11.75
#          1521.6      729.01    2        13.5
#          1467.5       674.9    3       15.25
#          1389.5      596.88    4          17
#          1330.7      538.05    5       18.75
#          1218.9      426.26    6        20.5
#          1139.3      346.65    7       22.25
#          1078.3      285.66    8          24
#            1112      319.41    9       25.75
#          1048.1      255.46   10        27.5
#          1012.6      219.99   11       29.25
#          977.19      184.56   12          31
#          949.81      157.18   13       32.75
#          930.15      137.51   14        34.5
#          915.47      122.84   15       36.25
#          918.25      125.61   16          38
#          907.53       114.9   17       39.75
#          868.18      75.548   18        41.5
#          854.37      61.739   19       43.25
#          836.63      43.994   20          45
#          845.24      52.605   21       46.75
#          800.45      7.8133   22        48.5
#          805.04      12.409   23       50.25
#          819.32      26.683   24          52
#          793.78      1.1486   25       53.75
#          793.18     0.54881   26        55.5
#          795.01      2.3774   27       57.25
#          801.35      8.7115   28          59
#          814.55      21.913   29       60.75
#          843.75      51.119   30        62.5
#          905.78      113.15   31       64.25
#          967.11      174.47   32          66
#          1048.4      255.77   33       67.75
#          1162.7      370.03   34        69.5
#          1393.4      600.78   35       71.25
#          1869.9      1077.2   36          73
#          7555.7      6763.1   37       74.75
#          7758.5      6965.9   38        76.5
#          2031.9      1239.3   39       78.25
#            2120      1327.4   40          80
!XSPEC12> steppar 10 4.0 20.0 10
#     Chi-Squared    Delta              Mbh
#                 Chi-Squared            10
#          1738.8      946.17    0           4
#          1264.9      472.22    1         5.6
#          876.17      83.532    2         7.2
#          909.89      117.26    3         8.8
#          909.84      117.21    4        10.4
#          790.64     -1.9947    5          12
#          790.63     -2.0079    6        13.6
#           792.8     0.16343    7        15.2
#           794.3      1.6608    8        16.8
#          795.04      2.4022    9        18.4
#          796.67      4.0308   10          20
!XSPEC12> steppar 11 0.5 2.0 10
#     Chi-Squared    Delta              Mdd
#                 Chi-Squared            11
#          796.79      6.1645    0         0.5
#           805.4       14.78    1        0.65
#          792.95      2.3307    2         0.8
#          790.39    -0.23576    3        0.95
#          795.19      4.5686    4         1.1
#           790.4    -0.21998    5        1.25
#           797.4       6.776    6         1.4
#          1294.8      504.21    7        1.55
#          790.41     -0.2088    8         1.7
#          907.08      116.45    9        1.85
#          1270.7      480.04   10           2
!XSPEC12> steppar 12 5.0 20.0 10
#     Chi-Squared    Delta              Dbh
#                 Chi-Squared            12
#          1490.1      699.72    0           5
#          1398.3      607.94    1         6.5
#          793.25      2.8774    2           8
#          795.83      5.4512    3         9.5
#          792.93      2.5577    4          11
#          793.53      3.1491    5        12.5
#          795.34      4.9625    6          14
#          793.66      3.2822    7        15.5
#          793.26      2.8856    8          17
#          794.47      4.0913    9        18.5
#          792.91      2.5378   10          20
!XSPEC12> steppar 17 0.01 10.0 10
#     Chi-Squared    Delta           Index1
#                 Chi-Squared            17
#          790.38 -0.00050118    0        0.01
#          790.38 -0.00059927    1       1.009
#          790.38 -0.00050118    2       2.008
#          790.38 -0.00050118    3       3.007
#          790.38 -0.00050118    4       4.006
#          790.38 -0.00050118    5       5.005
#          790.38 -0.00050118    6       6.004
#          790.38 -0.00050118    7       7.003
#          790.38 -0.00050118    8       8.002
#          790.38 -0.00050118    9       9.001
#          790.38 -0.00050118   10          10
!XSPEC12> steppar 18 0.01 10.0 10
#     Chi-Squared    Delta           Index2
#                 Chi-Squared            18
#          1466.4      675.99    0        0.01
#          1377.3      586.89    1       1.009
#          1144.6      354.24    2       2.008
#          889.73      99.348    3       3.007
#          859.92      69.541    4       4.006
#          823.49      33.113    5       5.005
#          808.56      18.179    6       6.004
#          792.63      2.2521    7       7.003
#          791.44      1.0603    8       8.002
#          801.08      10.705    9       9.001
#          817.33      26.951   10          10
!XSPEC12> steppar 19 1.0 20.0 10
#     Chi-Squared    Delta              Rbr
#                 Chi-Squared            19
#          790.38 -0.00050118    0           1
#          789.87    -0.50596    1         2.9
#          784.52      -5.852    2         4.8
#          790.41    0.033399    3         6.7
#          791.11     0.73257    4         8.6
#          791.13     0.75009    5        10.5
#          791.58      1.2013    6        12.4
#          791.79      1.4182    7        14.3
#          791.83       1.457    8        16.2
#          791.18     0.80054    9        18.1
#          791.28     0.90232   10          20
!XSPEC12> steppar 26 1.0 4.5 10
#     Chi-Squared    Delta            logxi
#                 Chi-Squared            26
#          1413.5      634.86    0           1
#            1414      635.28    1        1.35
#          2031.3      1252.6    2         1.7
#          2311.3      1532.6    3        2.05
#          1534.3      755.67    4         2.4
#          2348.1      1569.5    5        2.75
#          1898.6      1119.9    6         3.1
#          1058.8      280.11    7        3.45
#          879.99      101.33    8         3.8
#           797.7      19.033    9        4.15
#          811.89      33.224   10         4.5
!XSPEC12> steppar 27 0.5 10.0 10
#     Chi-Squared    Delta              Afe
#                 Chi-Squared            27
#          2520.4      1741.7    0         0.5
#          1446.1      667.42    1        1.45
#          1024.2      245.57    2         2.4
#          931.34      152.67    3        3.35
#          854.08      75.413    4         4.3
#          827.48      48.809    5        5.25
#          813.59       34.92    6         6.2
#          802.52      23.851    7        7.15
#          790.26      11.588    8         8.1
#          781.44      2.7681    9        9.05
#          778.67   0.0023568   10          10
!XSPEC12> steppar 30 0.001 0.1 10
#     Chi-Squared    Delta             norm
#                 Chi-Squared            30
#            7686      6907.3    0       0.001
#          1286.8      508.12    1      0.0109
